50,5
50,4
50,3
50,2
50,1
50,0
49,5
49,4
49,3
49,2
49,1
49,0
48,4
48,3
48,2
48,1
48,0
47,6
47,5
47,4
47,3
47,2
47,1
47,0
46,9
46,8
46,7
46,6
46,5
46,4
46,3
46,2
46,1
46,0
45,6
45,5
45,4
45,3
45,2
45,1
45,0
44,5
44,4
44,3
44,2
44,1
44,0
43,5
43,4
43,3
43,2
43,1
43,0
42,5
42,4
42,3
42,2
42,1
42,0
41,5
41,4
41,3
41,2
41,1
41,0
40,4
40,3
40,2
40,1
40,0
39,67
39,66
39,65
39,64
39,41
39,40
39,39
39,38
39,37
39,36
39,35
39,34
39,33
39,32
39,31
39,30
39,29
39,28
39,27
39,26
39,25
39,24
39,23
39,22
39,21
39,20
39,19
39,18
39,17
39,16
39,15
39,14
39,13
39,12
39,10
39,9
39,8
39,7
39,6
39,5
39,4
39,3
39,2
39,1
39,0
38,5
38,4
38,3
38,2
38,1
38,0
37,177
37,176
37,175
37,174
37,173
37,172
37,171
37,170
37,169
37,168
37,167
37,166
37,165
37,164
37,163
37,162
37,161
37,160
37,159
37,158
37,157
37,156
37,155
37,154
37,153
37,152
37,151
37,150
37,149
37,148
37,147
37,146
37,145
37,144
37,143
37,142
37,141
37,140
37,139
37,138
37,137
37,136
37,135
37,134
37,133
37,132
37,131
37,130
37,13
37,12
37,11
37,10
37,8
37,7
37,6
37,5
37,4
37,3
37,2
37,1
37,0
36,4
36,3
36,2
36,1
36,0
35,4
35,3
35,2
35,1
35,0
34,8
34,7
34,6
34,5
34,4
34,3
34,2
34,1
34,0
33,5
33,4
33,3
33,2
33,1
33,0
4,3
2,6
2,5
2,4
2,3
2,2
2,1
2,0
1,3
0,243
0,9
0,1
0,300
0,299
0,298
0,297
0,296
0,295
0,294
0,293
0,292
0,291
0,290
0,289
0,288
0,287
0,286
0,285
0,284
0,283
0,282
0,281
0,280
0,279
0,278
0,277
0,276
0,275
0,274
0,273
0,272
0,271
0,270
0,269
0,268
0,267
0,266
0,265
0,264
0,263
0,262
0,261
0,260
0,259
0,258
0,257
0,256
0,255
0,254
0,253
0,252
0,251
0,250
0,249
0,248
0,247
0,246
0,245
0,244
0,242
0,241
0,240
0,239
0,238
0,237
0,236
0,235
0,234
0,233
0,232
0,231
0,230
0,229
0,228
0,227
0,226
0,225
0,224
0,223
0,222
0,221
0,220
0,219
0,218
0,217
0,216
0,215
0,214
0,213
0,212
0,211
0,210
0,209
0,208
0,207
0,206
0,205
0,204
0,203
0,202
0,201
0,200
0,199
0,198
0,197
0,196
0,195
0,194
0,193
0,192
0,63
0,62
0,61
0,60
0,59
0,58
0,57
0,56
0,55
0,54
0,53
0,52
0,51
0,50
0,49
0,48
0,47
0,46
0,45
0,6
0,0
0,5
0,304
0,303
0,306
0,305
0,302
0,12
0,10
0,8
0,11
0,2
0,4
0,3
0,7
